image: my_2d_map.pgm
resolution: 0.050000
origin: [-68.503731, -8.574326, 0.000000]
negate: 0
occupied_thresh: 0.65
free_thresh: 0.196

